4.96632	1.01053
4.96144	1.03047
4.95655	1.0217
4.95167	1.0419
4.94679	1.04512
4.94191	1.04762
4.93703	1.03685
4.93215	1.03543
4.92726	1.02518
4.92238	1.02401
4.9175	1.0174
4.91262	1.03116
4.90774	1.03103
4.90286	1.02638
4.89797	1.02353
4.89309	1.00654
4.88821	1.00986
4.88333	0.99705
4.87845	0.99016
4.87357	0.98322
4.86869	0.98614
4.8638	1.0095
4.85892	1.01978
4.85404	1.02748
4.84916	1.03383
4.84428	1.03853
4.8394	1.03937
4.83451	1.03591
4.82963	1.0243
4.82475	1.01119
4.81987	1.00463
4.81499	1.00746
4.81011	1.01311
4.80522	1.01369
4.80034	1.00965
4.79546	1.02158
4.79058	1.03517
4.7857	1.06173
4.78082	1.07738
4.77594	1.08266
4.77105	1.09482
4.76617	1.09974
4.76129	1.11482
4.75641	1.10984
4.75153	1.12439
4.74665	1.12868
4.74176	1.11918
4.73688	1.11926
4.732	1.13349
4.72712	1.13586
4.72224	1.13028
4.71736	1.13033
4.71247	1.12055
4.70759	1.12786
4.70271	1.11026
4.69783	1.08944
4.69295	1.08667
4.68807	1.08412
4.68318	1.09285
4.6783	1.08413
4.67342	1.0697
4.66854	1.05792
4.66366	1.05912
4.65878	1.05402
4.65389	1.04742
4.64901	1.03396
4.64413	1.01066
4.63925	1.00252
4.63437	0.99824
4.62949	1.00766
4.62461	1.01683
4.61972	1.00922
4.61484	1.01399
4.60996	1.01444
4.60508	1.03009
4.6002	1.02794
4.59532	1.03235
4.59043	1.02927
4.58555	1.02437
4.58067	1.0371
4.57579	1.03341
4.57091	1.03821
4.56603	1.03171
4.56114	1.00568
4.55626	0.99696
4.55138	0.98796
4.5465	0.983
4.54162	0.96801
4.53674	0.96709
4.53186	0.97082
4.52697	0.98463
4.52209	0.97942
4.51721	0.97436
4.51233	0.9767
4.50745	0.99394
4.50257	0.98565
4.49768	0.9806
4.4928	0.96647
4.48792	0.9568
4.48304	0.9531
4.47816	0.9588
4.47328	0.96143
4.46839	0.95642
4.46351	0.9582
4.45863	0.9537
4.45375	0.96683
4.44887	0.9815
4.44399	0.99593
4.4391	1.0054
4.43422	1.02375
4.42934	1.04235
4.42446	1.06032
4.41958	1.06822
4.4147	1.08376
4.40981	1.08749
4.40493	1.09578
4.40005	1.10587
4.39517	1.11564
4.39029	1.12511
4.38541	1.11487
4.38053	1.11339
4.37564	1.10738
4.37076	1.10142
4.36588	1.09801
4.361	1.08377
4.35612	1.07784
4.35124	1.07049
4.34635	1.07221
4.34147	1.07041
4.33659	1.06652
4.33171	1.06035
4.32683	1.07389
4.32195	1.05572
4.31706	1.03877
4.31218	1.02379
4.3073	1.00445
4.30242	0.99126
4.29754	0.98666
4.29266	0.96832
4.28778	0.95267
4.28289	0.94245
4.27801	0.93217
4.27313	0.93352
4.26825	0.92357
4.26337	0.91925
4.25849	0.91747
4.2536	0.91513
4.24872	0.92438
4.24384	0.92457
4.23896	0.92989
4.23408	0.94026
4.2292	0.93482
4.22431	0.94124
4.21943	0.93723
4.21455	0.93292
4.20967	0.94074
4.20479	0.9376
4.19991	0.95749
4.19502	0.96051
4.19014	0.98242
4.18526	0.98887
4.18038	0.98999
4.1755	0.99998
4.17062	1.00887
4.16574	1.00988
4.16085	1.02624
4.15597	1.03613
4.15109	1.04358
4.14621	1.06376
4.14133	1.07333
4.13645	1.07329
4.13156	1.07182
4.12668	1.06131
4.1218	1.06002
4.11692	1.05176
4.11204	1.03863
4.10716	1.03748
4.10227	1.03475
4.09739	1.04679
4.09251	1.05277
4.08763	1.05253
4.08275	1.05696
4.07787	1.05787
4.07298	1.05266
4.0681	1.05593
4.06322	1.059
4.05834	1.06451
4.05346	1.06162
4.04858	1.0598
4.04369	1.05907
4.03881	1.05639
4.03393	1.05679
4.02905	1.05648
4.02417	1.06116
4.01929	1.07732
4.01441	1.07864
4.00952	1.09174
4.00464	1.08087
3.99976	1.06954
3.99488	1.07394
3.99	1.07645
3.98512	1.06798
3.98023	1.07006
3.97535	1.07427
3.97047	1.07425
3.96559	1.08763
3.96071	1.10048
3.95583	1.10952
3.95094	1.09845
3.94606	1.08658
3.94118	1.08634
3.9363	1.06705
3.93142	1.0622
3.92654	1.06004
3.92165	1.05534
3.91677	1.06308
3.91189	1.0608
3.90701	1.06675
3.90213	1.0631
3.89725	1.06092
3.89237	1.06154
3.88748	1.04671
3.8826	1.05134
3.87772	1.04409
3.87284	1.03349
3.86796	1.0221
3.86308	1.016
3.85819	1.01604
3.85331	1.0193
3.84843	1.02195
3.84355	1.0241
3.83867	1.03302
3.83379	1.04115
3.8289	1.04695
3.82402	1.03308
3.81914	1.03071
3.81426	1.0305
3.80938	1.02987
3.8045	1.02837
3.79962	1.03931
3.79473	1.03008
3.78985	1.03265
3.78497	1.04055
3.78009	1.04375
3.77521	1.05243
3.77033	1.02968
3.76544	1.02039
3.76056	1.00631
3.75568	0.98911
3.7508	0.99417
3.74592	0.9918
3.74104	0.98318
3.73615	0.98134
3.73127	0.98568
3.72639	0.99318
3.72151	0.98474
3.71663	0.97533
3.71175	0.97553
3.70686	0.96342
3.70198	0.97426
3.6971	0.95487
3.69222	0.95123
3.68734	0.93593
3.68246	0.93943
3.67758	0.95179
3.67269	0.95988
3.66781	0.95896
3.66293	0.95195
3.65805	0.94539
3.65317	0.95176
3.64829	0.95578
3.6434	0.94844
3.63852	0.94693
3.63364	0.95194
3.62876	0.95722
3.62388	0.96487
3.619	0.97905
3.61411	0.97021
3.60923	0.9819
3.60435	0.9929
3.59947	1.00383
3.59459	1.0122
3.58971	1.00225
3.58482	0.98994
3.57994	0.97403
3.57506	0.97194
3.57018	0.97658
3.5653	0.98029
3.56042	0.97554
3.55554	0.97394
3.55065	0.98838
3.54577	0.99621
3.54089	0.99716
3.53601	0.99561
3.53113	0.99733
3.52625	0.99721
3.52136	1.01149
3.51648	1.00963
3.5116	1.00888
3.50672	1.00415
3.50184	1.00828
3.49696	1.02805
3.49207	1.04435
3.48719	1.04876
3.48231	1.04917
3.47743	1.0387
3.47255	1.05134
3.46767	1.05591
3.46278	1.06255
3.4579	1.05249
3.45302	1.05292
3.44814	1.05246
3.44326	1.05013
3.43838	1.04868
3.4335	1.03625
3.42861	1.02831
3.42373	1.03725
3.41885	1.0427
3.41397	1.04011
3.40909	1.04174
3.40421	1.01533
3.39932	1.0009
3.39444	0.99096
3.38956	0.98958
3.38468	0.98516
3.3798	0.97457
3.37492	0.96736
3.37003	0.97141
3.36515	0.97103
3.36027	0.97719
3.35539	0.97835
3.35051	0.97385
3.34563	0.95968
3.34074	0.96701
3.33586	0.97585
3.33098	0.97745
3.3261	0.97806
3.32122	0.96822
3.31634	0.9751
3.31146	0.98089
3.30657	0.9903
3.30169	0.99173
3.29681	0.98425
3.29193	0.9967
3.28705	1.00201
3.28217	1.02195
3.27728	1.0187
3.2724	1.01521
3.26752	1.01251
3.26264	1.00868
3.25776	1.02372
3.25288	1.0192
3.24799	1.01023
3.24311	1.017
3.23823	1.01756
3.23335	1.02206
3.22847	1.02981
3.22359	1.02191
3.2187	1.01293
3.21382	1.00129
3.20894	1.00575
3.20406	0.99343
3.19918	0.99004
3.1943	0.99034
3.18941	0.98583
3.18453	0.98089
3.17965	0.9888
3.17477	0.98357
3.16989	0.98002
3.16501	0.97108
3.16013	0.9731
3.15524	0.98004
3.15036	0.98496
3.14548	0.98917
3.1406	0.98346
3.13572	0.98145
3.13084	0.99147
3.12595	0.99873
3.12107	1.00816
3.11619	1.00857
3.11131	1.01064
3.10643	1.01379
3.10155	1.02901
3.09666	1.03319
3.09178	1.03618
3.0869	1.03393
3.08202	1.03804
3.07714	1.05226
3.07226	1.06271
3.06737	1.06481
3.06249	1.0661
3.05761	1.07105
3.05273	1.07839
3.04785	1.08356
3.04297	1.08257
3.03809	1.07744
3.0332	1.06826
3.02832	1.06815
3.02344	1.05945
3.01856	1.06557
3.01368	1.06931
3.0088	1.06048
3.00391	1.05424
2.99903	1.05512
2.99415	1.05026
2.98927	1.04578
2.98439	1.04245
2.97951	1.02939
2.97462	1.02228
2.96974	1.01976
2.96486	1.01616
2.95998	1.01105
2.9551	1.00779
2.95022	1.01582
2.94533	1.02003
2.94045	1.02811
2.93557	1.0293
2.93069	1.02349
2.92581	1.02238
2.92093	1.02472
2.91605	1.02561
2.91116	1.02757
2.90628	1.02054
2.9014	1.02425
2.89652	1.02007
2.89164	1.03644
2.88676	1.04054
2.88187	1.0362
2.87699	1.04604
2.87211	1.05078
2.86723	1.05449
2.86235	1.05229
2.85747	1.04518
2.85258	1.02928
2.8477	1.01867
2.84282	1.01971
2.83794	1.02441
2.83306	1.024
2.82818	1.02047
2.8233	1.01877
2.81841	1.01829
2.81353	1.02485
2.80865	1.02106
2.80377	1.01837
2.79889	1.00902
2.79401	1.00622
2.78912	1.00484
2.78424	1.00745
2.77936	1.00414
2.77448	1.00396
2.7696	1.00693
2.76472	1.01247
2.75983	1.01438
2.75495	1.01546
2.75007	1.0192
2.74519	1.02956
2.74031	1.03359
2.73543	1.03708
2.73054	1.04383
2.72566	1.04539
2.72078	1.04865
2.7159	1.05217
2.71102	1.06108
2.70614	1.06178
2.70126	1.06
2.69637	1.06249
2.69149	1.06554
2.68661	1.06573
2.68173	1.06221
2.67685	1.05465
2.67197	1.03672
2.66708	1.0255
2.6622	1.02377
2.65732	1.02399
2.65244	1.02197
2.64756	1.02685
2.64268	1.02767
2.63779	1.03065
2.63291	1.03834
2.62803	1.04328
2.62315	1.03813
2.61827	1.0352
2.61339	1.04144
2.6085	1.04598
2.60362	1.0498
2.59874	1.04479
2.59386	1.03526
2.58898	1.03047
2.5841	1.0398
2.57922	1.04231
2.57433	1.03639
2.56945	1.03736
2.56457	1.04557
2.55969	1.05373
2.55481	1.05399
2.54993	1.06404
2.54504	1.07062
2.54016	1.0711
2.53528	1.0797
2.5304	1.084
2.52552	1.08637
2.52064	1.09107
2.51575	1.09199
2.51087	1.08948
2.50599	1.0873
2.50111	1.07689
2.49623	1.07474
2.49135	1.07284
2.48646	1.07299
2.48158	1.06582
2.4767	1.0717
2.47182	1.0691
2.46694	1.07172
2.46206	1.07251
2.45718	1.07637
2.45229	1.08282
2.44741	1.08405
2.44253	1.08455
2.43765	1.07563
2.43277	1.07999
2.42789	1.08273
2.423	1.08743
2.41812	1.07848
2.41324	1.0689
2.40836	1.06167
2.40348	1.07133
2.3986	1.07743
2.39371	1.06988
2.38883	1.06733
2.38395	1.06738
2.37907	1.07502
2.37419	1.06905
2.36931	1.07391
2.36442	1.07396
2.35954	1.07116
2.35466	1.06744
2.34978	1.06704
2.3449	1.06963
2.34002	1.06121
2.33513	1.06186
2.33025	1.05849
2.32537	1.05318
2.32049	1.04577
2.31561	1.04293
2.31073	1.04964
2.30585	1.05266
2.30096	1.04521
2.29608	1.04691
2.2912	1.03844
2.28632	1.03628
2.28144	1.03206
2.27656	1.03136
2.27167	1.03262
2.26679	1.02354
2.26191	1.02969
2.25703	1.02169
2.25215	1.02524
2.24727	1.0333
2.24238	1.04129
2.2375	1.04154
2.23262	1.04633
2.22774	1.04972
2.22286	1.05668
2.21798	1.06506
2.21309	1.06816
2.20821	1.06713
2.20333	1.07203
2.19845	1.07943
2.19357	1.0883
2.18869	1.09305
2.18381	1.10218
2.17892	1.11295
2.17404	1.11315
2.16916	1.11717
2.16428	1.11707
2.1594	1.10945
2.15452	1.11301
2.14963	1.10863
2.14475	1.10884
2.13987	1.10743
2.13499	1.10575
2.13011	1.10779
2.12523	1.11088
2.12034	1.10489
2.11546	1.1001
2.11058	1.08882
2.1057	1.08471
2.10082	1.07806
2.09594	1.07605
2.09105	1.07982
2.08617	1.07155
2.08129	1.07441
2.07641	1.07012
2.07153	1.07568
2.06665	1.07791
2.06177	1.0771
2.05688	1.07918
2.052	1.08484
2.04712	1.08353
2.04224	1.08353
2.03736	1.08929
2.03248	1.08992
2.02759	1.09126
2.02271	1.09764
2.01783	1.104
2.01295	1.1087
2.00807	1.10792
2.00319	1.11223
1.9983	1.12228
1.99342	1.12344
1.98854	1.12567
1.98366	1.12115
1.97878	1.1279
1.9739	1.12652
1.96902	1.12418
1.96413	1.12182
1.95925	1.1205
1.95437	1.12243
1.94949	1.11867
1.94461	1.11651
1.93973	1.11015
1.93484	1.10911
1.92996	1.11164
1.92508	1.10871
1.9202	1.09855
1.91532	1.10094
1.91044	1.10562
1.90555	1.10248
1.90067	1.10966
1.89579	1.10744
1.89091	1.11554
1.88603	1.11122
1.88115	1.10612
1.87626	1.10859
1.87138	1.11554
1.8665	1.10972
1.86162	1.10876
1.85674	1.10941
1.85186	1.10471
1.84698	1.11298
1.84209	1.11472
1.83721	1.12286
1.83233	1.12356
1.82745	1.12394
1.82257	1.12218
1.81769	1.12485
1.8128	1.12218
1.80792	1.12352
1.80304	1.12756
1.79816	1.13838
1.79328	1.13398
1.7884	1.13492
1.78351	1.13433
1.77863	1.13289
1.77375	1.13843
1.76887	1.13802
1.76399	1.13072
1.75911	1.12584
1.75422	1.12202
1.74934	1.13327
1.74446	1.13104
1.73958	1.12738
1.7347	1.13455
1.72982	1.13383
1.72494	1.13668
1.72005	1.14658
1.71517	1.15107
1.71029	1.15607
1.70541	1.15744
1.70053	1.15451
1.69565	1.15058
1.69076	1.15699
1.68588	1.15617
1.681	1.15667
1.67612	1.1546
1.67124	1.14641
1.66636	1.14933
1.66147	1.14605
1.65659	1.15346
1.65171	1.16086
1.64683	1.16392
1.64195	1.1642
1.63707	1.16894
1.63218	1.16506
1.6273	1.16281
1.62242	1.16948
1.61754	1.17576
1.61266	1.18081
1.60778	1.17691
1.6029	1.18087
1.59801	1.17925
1.59313	1.18454
1.58825	1.19051
1.58337	1.18782
1.57849	1.1924
1.57361	1.18802
1.56872	1.19634
1.56384	1.19529
1.55896	1.19642
1.55408	1.20025
1.5492	1.20179
1.54432	1.2059
1.53943	1.21362
1.53455	1.22014
1.52967	1.22941
1.52479	1.23553
1.51991	1.23936
1.51503	1.23643
1.51014	1.24291
1.50526	1.24819
1.50038	1.25156
1.4955	1.25574
1.49062	1.25217
1.48574	1.25496
1.48086	1.25333
1.47597	1.2599
1.47109	1.26855
1.46621	1.2713
1.46133	1.27401
1.45645	1.27741
1.45157	1.27834
1.44668	1.27248
1.4418	1.27802
1.43692	1.28373
1.43204	1.28333
1.42716	1.28462
1.42228	1.28776
1.41739	1.28637
1.41251	1.28073
1.40763	1.28375
1.40275	1.2806
1.39787	1.29134
1.39299	1.28952
1.3881	1.29086
1.38322	1.29368
1.37834	1.29135
1.37346	1.29896
1.36858	1.29892
1.3637	1.29678
1.35882	1.30266
1.35393	1.30031
1.34905	1.3091
1.34417	1.31393
1.33929	1.3145
1.33441	1.31916
1.32953	1.32288
1.32464	1.3269
1.31976	1.33183
1.31488	1.3422
1.31	1.35093
1.30512	1.35694
1.30024	1.35718
1.29535	1.36299
1.29047	1.37569
1.28559	1.38173
1.28071	1.39419
1.27583	1.40409
1.27095	1.41425
1.26606	1.42127
1.26118	1.43195
1.2563	1.44036
1.25142	1.44186
1.24654	1.45037
1.24166	1.45517
1.23678	1.45702
1.23189	1.4587
1.22701	1.46187
1.22213	1.46901
1.21725	1.48222
1.21237	1.48631
1.20749	1.49373
1.2026	1.49663
1.19772	1.4971
1.19284	1.51296
1.18796	1.51628
1.18308	1.51871
1.1782	1.52812
1.17331	1.52982
1.16843	1.53723
1.16355	1.54396
1.15867	1.54274
1.15379	1.54841
1.14891	1.55495
1.14402	1.55464
1.13914	1.55457
1.13426	1.56027
1.12938	1.56618
1.1245	1.57515
1.11962	1.57231
1.11474	1.56934
1.10985	1.56451
1.10497	1.55957
1.10009	1.5575
1.09521	1.56208
1.09033	1.56426
1.08545	1.56588
1.08056	1.56384
1.07568	1.55801
1.0708	1.55824
1.06592	1.55478
1.06104	1.54761
1.05616	1.53813
1.05127	1.52845
1.04639	1.51174
1.04151	1.50447
1.03663	1.50311
1.03175	1.49549
1.02687	1.49003
1.02198	1.47573
1.0171	1.46005
1.01222	1.45071
1.00734	1.43829
1.00246	1.43156
0.99758	1.42325
0.9927	1.41371
0.98781	1.40063
0.98293	1.38977
0.97805	1.37733
0.97317	1.36872
0.96829	1.36678
0.96341	1.35077
0.95852	1.33312
0.95364	1.31732
0.94876	1.30397
0.94388	1.29935
0.939	1.2853
0.93412	1.27075
0.92923	1.24786
0.92435	1.22715
0.91947	1.20346
0.91459	1.18788
0.90971	1.1716
0.90483	1.15768
0.89994	1.14232
0.89506	1.11847
0.89018	1.10394
0.8853	1.08902
0.88042	1.07138
0.87554	1.05447
0.87066	1.02789
0.86577	1.00332
0.86089	0.97621
0.85601	0.96375
0.85113	0.9461
0.84625	0.92215
0.84137	0.90076
0.83648	0.87473
0.8316	0.85334
0.82672	0.82649
0.82184	0.80785
0.81696	0.78797
0.81208	0.76885
0.80719	0.75044
0.80231	0.72886
0.79743	0.70701
0.79255	0.68917
0.78767	0.67066
0.78279	0.65692
0.7779	0.63664
0.77302	0.61308
0.76814	0.59287
0.76326	0.57457
0.75838	0.56376
0.7535	0.54428
0.74862	0.53051
0.74373	0.50971
0.73885	0.49024
0.73397	0.47484
0.72909	0.45795
0.72421	0.44586
0.71933	0.4321
0.71444	0.41911
0.70956	0.4038
0.70468	0.39559
0.6998	0.37878
0.69492	0.36712
0.69004	0.35533
0.68515	0.34144
0.68027	0.32668
0.67539	0.31734
0.67051	0.30479
0.66563	0.30047
0.66075	0.28954
0.65586	0.28109
0.65098	0.27245
0.6461	0.25909
0.64122	0.25084
0.63634	0.23712
0.63146	0.22995
0.62658	0.22556
0.62169	0.22322
0.61681	0.21344
0.61193	0.2032
0.60705	0.19504
0.60217	0.18784
0.59729	0.1886
0.5924	0.1743
0.58752	0.16608
0.58264	0.16199
0.57776	0.15837
0.57288	0.15392
0.568	0.15104
0.56311	0.14622
0.55823	0.13895
0.55335	0.13255
0.54847	0.12452
0.54359	0.11819
0.53871	0.11394
0.53382	0.11908
0.52894	0.111
0.52406	0.11444
0.51918	0.10169
0.5143	0.10251
0.50942	0.09777
0.50454	0.09136
0.49965	0.08695
0.49477	0.07962
0.48989	0.07848
0.48501	0.07851
0.48013	0.07745
0.47525	0.0729
0.47036	0.07236
0.46548	0.07158
0.4606	0.06987
0.45572	0.06491
0.45084	0.05683
0.44596	0.05667
0.44107	0.06273
0.43619	0.06171
0.43131	0.05842
0.42643	0.05635
0.42155	0.04924
0.41667	0.05552
0.41178	0.0486
0.4069	0.04871
0.40202	0.04801
0.39714	0.04684
0.39226	0.04676
0.38738	0.04717
0.3825	0.04639
0.37761	0.04672
0.37273	0.04719
0.36785	0.04324
0.36297	0.04346
0.35809	0.03806
0.35321	0.04399
0.34832	0.04388
0.34344	0.04797
0.33856	0.04269
0.33368	0.04252
0.3288	0.03905
0.32392	0.03998
0.31903	0.03686
0.31415	0.03309
0.30927	0.03395
0.30439	0.02653
0.29951	0.02989
0.29463	0.02752
0.28974	0.03198
0.28486	0.03428
0.27998	0.03274
0.2751	0.03291
0.27022	0.02843
0.26534	0.03119
0.26046	0.0347
0.25557	0.03477
0.25069	0.03451
0.24581	0.02641
0.24093	0.02672
0.23605	0.02965
0.23117	0.02348
0.22628	0.02586
0.2214	0.02231
0.21652	0.0242
0.21164	0.02242
0.20676	0.02521
0.20188	0.01973
0.19699	0.02215
0.19211	0.02621
0.18723	0.02464
0.18235	0.02641
0.17747	0.0208
0.17259	0.02059
0.1677	0.02101
0.16282	0.02266
0.15794	0.02274
0.15306	0.01713
0.14818	0.02077
0.1433	0.01804
0.13842	0.01709
0.13353	0.01357
0.12865	0.01486
0.12377	0.00687
0.11889	0.00706
0.11401	0.00907
0.10913	0.00482
0.10424	0.0095
0.09936	0.01136
0.09448	0.00802
0.0896	0.01201
0.08472	0.01254
0.07984	0.01505
0.07495	0.01101
0.07007	0.01645
0.06519	0.01261
0.06031	0.01059
0.05543	0.00969
0.05055	0.00696
0.04566	0.00818
0.04078	0.00745
0.0359	0.00254
0.03102	0.00302
0.02614	0.01
0.02126	0.00583
0.01638	0.00532
0.01149	0.00878
0.00661	0.01194
0.00173	0.0118
-0.00315	0.01159
-0.00803	0.01149
-0.01291	0.00651
-0.0178	0.00842
-0.02268	0.01118
-0.02756	0.01395
-0.03244	0.01615
-0.03732	0.01019
-0.0422	0.00948
-0.04709	0.011
-0.05197	0.01405
-0.05685	0.01054
-0.06173	0.01204
-0.06661	0.01375
-0.07149	0.00351
-0.07638	0.00748
-0.08126	0.0102
-0.08614	0.00946
-0.09102	0.0112
-0.0959	0.01082
-0.10078	0.01115
-0.10566	0.00624
-0.11055	0.01284
-0.11543	0.01316
-0.12031	0.01543
-0.12519	0.01319
-0.13007	0.01302
-0.13495	0.01491
-0.13984	0.01652
-0.14472	0.01188
-0.1496	0.01444
-0.15448	0.02024
-0.15936	0.0194
-0.16424	0.01565
-0.16913	0.01368
-0.17401	0.02055
-0.17889	0.01925
-0.18377	0.01869
-0.18865	0.02048
-0.19353	0.0176
-0.19842	0.01467
-0.2033	0.02016
-0.20818	0.0231
-0.21306	0.02351
-0.21794	0.02211
-0.22282	0.01823
-0.2277	0.02332
-0.23259	0.02141
-0.23747	0.02176
-0.24235	0.02027
-0.24723	0.02366
-0.25211	0.02131
-0.25699	0.01863
-0.26188	0.01831
-0.26676	0.01855
-0.27164	0.01987
-0.27652	0.02074
-0.2814	0.02094
-0.28628	0.02063
-0.29117	0.01875
-0.29605	0.01837
-0.30093	0.02374
-0.30581	0.02571
-0.31069	0.02318
-0.31557	0.02599
-0.32046	0.0264
-0.32534	0.02222
-0.33022	0.02943
-0.3351	0.02827
-0.33998	0.03375
-0.34486	0.03103
-0.34974	0.03107
-0.35463	0.03472
-0.35951	0.0348
-0.36439	0.03581
-0.36927	0.03829
-0.37415	0.04227
-0.37903	0.03953
-0.38392	0.04058
-0.3888	0.04226
-0.39368	0.04503
-0.39856	0.04744
-0.40344	0.04354
-0.40832	0.04357
-0.41321	0.04683
-0.41809	0.04538
-0.42297	0.04703
-0.42785	0.05105
-0.43273	0.05823
-0.43761	0.05518
-0.4425	0.05682
-0.44738	0.05795
-0.45226	0.05819
-0.45714	0.0632
-0.46202	0.06491
-0.4669	0.07016
-0.47178	0.06656
-0.47667	0.06767
-0.48155	0.0715
-0.48643	0.07429
-0.49131	0.07348
-0.49619	0.08009
-0.50107	0.07954
-0.50596	0.0799
-0.51084	0.08555
-0.51572	0.08552
-0.5206	0.09142
-0.52548	0.08614
-0.53036	0.10019
-0.53525	0.09729
-0.54013	0.10457
-0.54501	0.10037
-0.54989	0.10298
-0.55477	0.11176
-0.55965	0.11446
-0.56454	0.11683
-0.56942	0.11626
-0.5743	0.122
-0.57918	0.12768
-0.58406	0.13027
-0.58894	0.13517
-0.59382	0.14384
-0.59871	0.14503
-0.60359	0.15154
-0.60847	0.15828
-0.61335	0.16785
-0.61823	0.16923
-0.62311	0.18406
-0.628	0.18723
-0.63288	0.189
-0.63776	0.19945
-0.64264	0.20505
-0.64752	0.22044
-0.6524	0.22859
-0.65729	0.2323
-0.66217	0.24132
-0.66705	0.24873
-0.67193	0.25691
-0.67681	0.27031
-0.68169	0.27845
-0.68658	0.28977
-0.69146	0.30199
-0.69634	0.31188
-0.70122	0.32435
-0.7061	0.33305
-0.71098	0.34949
-0.71586	0.36618
-0.72075	0.38075
-0.72563	0.38828
-0.73051	0.39881
-0.73539	0.41519
-0.74027	0.43043
-0.74515	0.44546
-0.75004	0.45494
-0.75492	0.46935
-0.7598	0.4878
-0.76468	0.50191
-0.76956	0.52203
-0.77444	0.54048
-0.77933	0.5604
-0.78421	0.57644
-0.78909	0.59969
-0.79397	0.61842
-0.79885	0.63489
-0.80373	0.6649
-0.80862	0.68521
-0.8135	0.70629
-0.81838	0.72102
-0.82326	0.74341
-0.82814	0.76902
-0.83302	0.79453
-0.8379	0.80991
-0.84279	0.83214
-0.84767	0.85378
-0.85255	0.87792
-0.85743	0.89745
-0.86231	0.91934
-0.86719	0.94156
-0.87208	0.96143
-0.87696	0.98256
-0.88184	1.00775
-0.88672	1.03034
-0.8916	1.0475
-0.89648	1.08125
-0.90137	1.09937
-0.90625	1.12262
-0.91113	1.13568
-0.91601	1.15579
-0.92089	1.17337
-0.92577	1.19699
-0.93066	1.21475
-0.93554	1.23243
-0.94042	1.25157
-0.9453	1.26688
-0.95018	1.28689
-0.95506	1.30253
-0.95994	1.32722
-0.96483	1.34047
-0.96971	1.36838
-0.97459	1.38488
-0.97947	1.39918
-0.98435	1.42053
-0.98923	1.44174
-0.99412	1.46065
-0.999	1.46921
-1.00388	1.48014
-1.00876	1.48946
-1.01364	1.49841
-1.01852	1.50836
-1.02341	1.52303
-1.02829	1.53547
-1.03317	1.54867
-1.03805	1.55543
-1.04293	1.56761
-1.04781	1.57938
-1.0527	1.58685
-1.05758	1.59436
-1.06246	1.60328
-1.06734	1.60731
-1.07222	1.61412
-1.0771	1.62459
-1.08198	1.63058
-1.08687	1.63273
-1.09175	1.63435
-1.09663	1.63672
-1.10151	1.63562
-1.10639	1.63996
-1.11127	1.6402
-1.11616	1.64038
-1.12104	1.63852
-1.12592	1.64026
-1.1308	1.64
-1.13568	1.64012
-1.14056	1.64072
-1.14545	1.63566
-1.15033	1.64045
-1.15521	1.63843
-1.16009	1.62874
-1.16497	1.62984
-1.16985	1.62316
-1.17474	1.62097
-1.17962	1.61769
-1.1845	1.6134
-1.18938	1.60361
-1.19426	1.59045
-1.19914	1.58454
-1.20402	1.57444
-1.20891	1.56857
-1.21379	1.5619
-1.21867	1.55713
-1.22355	1.55021
-1.22843	1.54561
-1.23331	1.54823
-1.2382	1.53986
-1.24308	1.5334
-1.24796	1.52844
-1.25284	1.51687
-1.25772	1.51979
-1.2626	1.51355
-1.26749	1.5049
-1.27237	1.50237
-1.27725	1.50438
-1.28213	1.50191
-1.28701	1.49358
-1.29189	1.49165
-1.29678	1.48573
-1.30166	1.48422
-1.30654	1.48546
-1.31142	1.48238
-1.3163	1.48106
-1.32118	1.47083
-1.32606	1.46922
-1.33095	1.46632
-1.33583	1.463
-1.34071	1.45706
-1.34559	1.45217
-1.35047	1.44374
-1.35535	1.43382
-1.36024	1.42991
-1.36512	1.43174
-1.37	1.42419
-1.37488	1.41623
-1.37976	1.412
-1.38464	1.40718
-1.38953	1.40232
-1.39441	1.39947
-1.39929	1.39601
-1.40417	1.39129
-1.40905	1.38688
-1.41393	1.39321
-1.41882	1.38915
-1.4237	1.38696
-1.42858	1.38696
-1.43346	1.38515
-1.43834	1.38584
-1.44322	1.383
-1.4481	1.37703
-1.45299	1.37489
-1.45787	1.37629
-1.46275	1.372
-1.46763	1.36653
-1.47251	1.36364
-1.47739	1.36192
-1.48228	1.3626
-1.48716	1.36683
-1.49204	1.36626
-1.49692	1.36263
-1.5018	1.35433
-1.50668	1.35461
-1.51157	1.35687
-1.51645	1.35047
-1.52133	1.34785
-1.52621	1.33871
-1.53109	1.3292
-1.53597	1.32658
-1.54086	1.32033
-1.54574	1.31939
-1.55062	1.31067
-1.5555	1.30318
-1.56038	1.29868
-1.56526	1.29749
-1.57014	1.29693
-1.57503	1.29253
-1.57991	1.29228
-1.58479	1.28131
-1.58967	1.27734
-1.59455	1.27286
-1.59943	1.26716
-1.60432	1.25968
-1.6092	1.26
-1.61408	1.25674
-1.61896	1.24786
-1.62384	1.24929
-1.62872	1.24493
-1.63361	1.24218
-1.63849	1.23593
-1.64337	1.22836
-1.64825	1.22013
-1.65313	1.21707
-1.65801	1.21336
-1.6629	1.21476
-1.66778	1.21735
-1.67266	1.21781
-1.67754	1.21099
-1.68242	1.21095
-1.6873	1.21079
-1.69218	1.21564
-1.69707	1.21312
-1.70195	1.20926
-1.70683	1.2059
-1.71171	1.19524
-1.71659	1.20877
-1.72147	1.20344
-1.72636	1.20707
-1.73124	1.20395
-1.73612	1.20084
-1.741	1.2034
-1.74588	1.2073
-1.75076	1.20513
-1.75565	1.19637
-1.76053	1.19992
-1.76541	1.19296
-1.77029	1.19344
-1.77517	1.18838
-1.78005	1.18837
-1.78494	1.18341
-1.78982	1.19191
-1.7947	1.18385
-1.79958	1.17883
-1.80446	1.17887
-1.80934	1.17734
-1.81422	1.17421
-1.81911	1.17366
-1.82399	1.17448
-1.82887	1.16558
-1.83375	1.1723
-1.83863	1.16316
-1.84351	1.1658
-1.8484	1.16254
-1.85328	1.17095
-1.85816	1.16489
-1.86304	1.15923
-1.86792	1.16597
-1.8728	1.16416
-1.87769	1.16851
-1.88257	1.16751
-1.88745	1.16436
-1.89233	1.15885
-1.89721	1.16908
-1.90209	1.16626
-1.90698	1.16655
-1.91186	1.16412
-1.91674	1.16247
-1.92162	1.16522
-1.9265	1.17424
-1.93138	1.16311
-1.93626	1.15173
-1.94115	1.14667
-1.94603	1.14862
-1.95091	1.14691
-1.95579	1.14416
-1.96067	1.14558
-1.96555	1.14316
-1.97044	1.14762
-1.97532	1.15047
-1.9802	1.14657
-1.98508	1.14767
-1.98996	1.14628
-1.99484	1.13829
-1.99973	1.14191
-2.00461	1.14454
-2.00949	1.14595
-2.01437	1.1493
-2.01925	1.14518
-2.02413	1.1455
-2.02902	1.14207
-2.0339	1.15186
-2.03878	1.14616
-2.04366	1.13505
-2.04854	1.14181
-2.05342	1.13937
-2.05831	1.13836
-2.06319	1.13959
-2.06807	1.14043
-2.07295	1.13326
-2.07783	1.13496
-2.08271	1.13439
-2.08759	1.13338
-2.09248	1.12883
-2.09736	1.12776
-2.10224	1.12415
-2.10712	1.12878
-2.112	1.12218
-2.11688	1.11282
-2.12177	1.10348
-2.12665	1.10419
-2.13153	1.10784
-2.13641	1.10573
-2.14129	1.1046
-2.14617	1.09991
-2.15106	1.09436
-2.15594	1.09923
-2.16082	1.09312
-2.1657	1.09042
-2.17058	1.08201
-2.17546	1.07022
-2.18035	1.07696
-2.18523	1.07971
-2.19011	1.08335
-2.19499	1.07645
-2.19987	1.07951
-2.20475	1.07863
-2.20963	1.0747
-2.21452	1.08324
-2.2194	1.08197
-2.22428	1.07954
-2.22916	1.08413
-2.23404	1.08475
-2.23892	1.08718
-2.24381	1.08685
-2.24869	1.09061
-2.25357	1.08043
-2.25845	1.0771
-2.26333	1.07429
-2.26821	1.07759
-2.2731	1.07471
-2.27798	1.07652
-2.28286	1.07992
-2.28774	1.08089
-2.29262	1.0717
-2.2975	1.06771
-2.30239	1.06067
-2.30727	1.0509
-2.31215	1.05918
-2.31703	1.05373
-2.32191	1.06098
-2.32679	1.05636
-2.33167	1.05666
-2.33656	1.06308
-2.34144	1.0583
-2.34632	1.05184
-2.3512	1.03467
-2.35608	1.02839
-2.36096	1.03135
-2.36585	1.04181
-2.37073	1.04109
-2.37561	1.03374
-2.38049	1.02824
-2.38537	1.02359
-2.39025	1.0156
-2.39514	1.01561
-2.40002	1.01739
-2.4049	1.01382
-2.40978	1.01589
-2.41466	1.01552
-2.41954	1.02068
-2.42442	1.01861
-2.42931	1.01912
-2.43419	1.00676
-2.43907	1.00806
-2.44395	1.00758
-2.44883	1.01671
-2.45371	1.01438
-2.4586	1.01522
-2.46348	1.0225
-2.46836	1.03234
-2.47324	1.03503
-2.47812	1.03883
-2.483	1.04533
-2.48789	1.03709
-2.49277	1.03829
-2.49765	1.03796
-2.50253	1.04595
-2.50741	1.0404
-2.51229	1.04197
-2.51718	1.04124
-2.52206	1.04386
-2.52694	1.04579
-2.53182	1.0421
-2.5367	1.03873
-2.54158	1.02821
-2.54646	1.03529
-2.55135	1.03927
-2.55623	1.03938
-2.56111	1.02559
-2.56599	1.01787
-2.57087	1.01591
-2.57575	1.01836
-2.58064	1.01957
-2.58552	1.00605
-2.5904	1.0006
-2.59528	0.99664
-2.60016	0.99582
-2.60504	0.99734
-2.60993	0.9969
-2.61481	0.99038
-2.61969	0.99109
-2.62457	0.99632
-2.62945	1.00691
-2.63433	1.00895
-2.63922	1.0061
-2.6441	1.00191
-2.64898	1.0073
-2.65386	1.0224
-2.65874	1.02876
-2.66362	1.03158
-2.6685	1.02726
-2.67339	1.02691
-2.67827	1.03206
-2.68315	1.02942
-2.68803	1.02521
-2.69291	1.01739
-2.69779	1.00885
-2.70268	1.00676
-2.70756	1.00484
-2.71244	1.01095
-2.71732	0.99954
-2.7222	0.99187
-2.72708	0.98849
-2.73197	0.98756
-2.73685	0.98821
-2.74173	0.97258
-2.74661	0.96204
-2.75149	0.95655
-2.75637	0.9641
-2.76126	0.96685
-2.76614	0.96149
-2.77102	0.96025
-2.7759	0.95608
-2.78078	0.95789
-2.78566	0.96426
-2.79054	0.9681
-2.79543	0.96556
-2.80031	0.96323
-2.80519	0.97404
-2.81007	0.97895
-2.81495	0.98484
-2.81983	0.98518
-2.82472	0.98239
-2.8296	0.98152
-2.83448	0.9849
-2.83936	0.9951
-2.84424	0.99082
-2.84912	0.99106
-2.85401	0.99611
-2.85889	0.98694
-2.86377	0.98422
-2.86865	0.97787
-2.87353	0.97127
-2.87841	0.96241
-2.8833	0.96076
-2.88818	0.9572
-2.89306	0.96319
-2.89794	0.9612
-2.90282	0.96191
-2.9077	0.96185
-2.91259	0.95976
-2.91747	0.95787
-2.92235	0.95095
-2.92723	0.94638
-2.93211	0.94007
-2.93699	0.94495
-2.94187	0.93902
-2.94676	0.94241
-2.95164	0.94372
-2.95652	0.94046
-2.9614	0.936
-2.96628	0.94187
-2.97116	0.94719
-2.97605	0.93972
-2.98093	0.93789
-2.98581	0.93683
-2.99069	0.93885
-2.99557	0.94194
-3.00045	0.94533
-3.00534	0.93992
-3.01022	0.9369
-3.0151	0.93732
-3.01998	0.94342
-3.02486	0.94258
-3.02974	0.93846
-3.03463	0.94882
-3.03951	0.93268
-3.04439	0.93361
-3.04927	0.93296
-3.05415	0.93134
-3.05903	0.9238
-3.06391	0.93378
-3.0688	0.93868
-3.07368	0.94745
-3.07856	0.95772
-3.08344	0.95449
-3.08832	0.95513
-3.0932	0.95673
-3.09809	0.95886
-3.10297	0.96224
-3.10785	0.9688
-3.11273	0.96883
-3.11761	0.9775
-3.12249	0.97322
-3.12738	0.98017
-3.13226	0.98256
-3.13714	0.98862
-3.14202	0.98458
-3.1469	0.98918
-3.15178	0.9917
-3.15667	0.98826
-3.16155	0.98294
-3.16643	0.97455
-3.17131	0.98152
-3.17619	0.98616
-3.18107	0.99903
-3.18595	0.99592
-3.19084	0.98843
-3.19572	0.99221
-3.2006	0.99939
-3.20548	1.00236
-3.21036	0.9975
-3.21524	0.99567
-3.22013	0.98269
-3.22501	0.98717
-3.22989	0.99629
-3.23477	1.00051
-3.23965	1.00746
-3.24453	1.01376
-3.24942	1.0141
-3.2543	1.0246
-3.25918	1.02925
-3.26406	1.02359
-3.26894	1.01381
-3.27382	1.01239
-3.27871	1.0087
-3.28359	1.00872
-3.28847	1.01265
-3.29335	1.00487
-3.29823	1.004
-3.30311	0.99534
-3.30799	1.00201
-3.31288	1.00131
-3.31776	0.99924
-3.32264	0.99949
-3.32752	1.00125
-3.3324	1.00063
-3.33728	1.00176
-3.34217	0.98651
-3.34705	0.98335
-3.35193	0.98058
-3.35681	0.99004
-3.36169	1.00333
-3.36657	1.00339
-3.37146	0.99767
-3.37634	0.9917
-3.38122	0.99572
-3.3861	0.997
-3.39098	1.00778
-3.39586	0.99936
-3.40074	0.98638
-3.40563	0.98346
-3.41051	0.98272
-3.41539	0.9957
-3.42027	1.00626
-3.42515	1.00061
-3.43003	0.99961
-3.43492	1.00171
-3.4398	1.01063
-3.44468	1.00451
-3.44956	0.99201
-3.45444	0.98859
-3.45932	0.98381
-3.46421	0.97914
-3.46909	0.97882
-3.47397	0.97088
-3.47885	0.9628
-3.48373	0.958
-3.48861	0.95749
-3.4935	0.95774
-3.49838	0.94065
-3.50326	0.93787
-3.50814	0.93396
-3.51302	0.92695
-3.5179	0.92818
-3.52278	0.91855
-3.52767	0.90793
-3.53255	0.89779
-3.53743	0.89735
-3.54231	0.90894
-3.54719	0.91673
-3.55207	0.90887
-3.55696	0.90984
-3.56184	0.90676
-3.56672	0.91105
-3.5716	0.92654
-3.57648	0.92201
-3.58136	0.91392
-3.58625	0.90234
-3.59113	0.89871
-3.59601	0.90447
-3.60089	0.90467
-3.60577	0.90379
-3.61065	0.90738
-3.61554	0.90188
-3.62042	0.90946
-3.6253	0.90975
-3.63018	0.90461
-3.63506	0.89554
-3.63994	0.89464
-3.64482	0.90041
-3.64971	0.90653
-3.65459	0.89987
-3.65947	0.89315
-3.66435	0.89312
-3.66923	0.90046
-3.67411	0.90991
-3.679	0.89756
-3.68388	0.90495
-3.68876	0.90426
-3.69364	0.89958
-3.69852	0.91787
-3.7034	0.92408
-3.70829	0.92563
-3.71317	0.93224
-3.71805	0.93201
-3.72293	0.94567
-3.72781	0.96244
-3.73269	0.95388
-3.73758	0.96596
-3.74246	0.96343
-3.74734	0.9704
-3.75222	0.98067
-3.7571	0.97488
-3.76198	0.97302
-3.76687	0.96403
-3.77175	0.97335
-3.77663	0.97593
-3.78151	0.9749
-3.78639	0.97902
-3.79127	0.97579
-3.79615	0.9663
-3.80104	0.9711
-3.80592	0.9743
-3.8108	0.97328
-3.81568	0.96302
-3.82056	0.95888
-3.82544	0.96683
-3.83033	0.97386
-3.83521	0.96544
-3.84009	0.95362
-3.84497	0.94074
-3.84985	0.93965
-3.85473	0.94452
-3.85962	0.92997
-3.8645	0.9323
-3.86938	0.92492
-3.87426	0.91582
-3.87914	0.93414
-3.88402	0.94137
-3.88891	0.94
-3.89379	0.94207
-3.89867	0.94176
-3.90355	0.93893
-3.90843	0.94698
-3.91331	0.94135
-3.91819	0.94485
-3.92308	0.94078
-3.92796	0.94276
-3.93284	0.94654
-3.93772	0.94109
-3.9426	0.9391
-3.94748	0.92742
-3.95237	0.92974
-3.95725	0.94273
-3.96213	0.94609
-3.96701	0.94127
-3.97189	0.93483
-3.97677	0.92794
-3.98166	0.94163
-3.98654	0.94115
-3.99142	0.94584
-3.9963	0.94632
-4.00118	0.95096
-4.00606	0.96031
-4.01094	0.96591
-4.01583	0.97386
-4.02071	0.96968
-4.02559	0.96719
-4.03047	0.96256
-4.03535	0.96135
-4.04023	0.95663
-4.04512	0.95723
-4.05	0.94974
-4.05488	0.94574
-4.05976	0.9602
-4.06464	0.9725
-4.06952	0.96775
-4.07441	0.96778
-4.07929	0.96346
-4.08417	0.95825
-4.08905	0.96167
-4.09393	0.96322
-4.09881	0.9604
-4.1037	0.95625
-4.10858	0.9554
-4.11346	0.95455
-4.11834	0.95722
-4.12322	0.9617
-4.1281	0.95423
-4.13299	0.94558
-4.13787	0.95224
-4.14275	0.95548
-4.14763	0.94607
-4.15251	0.94261
-4.15739	0.93972
-4.16227	0.94079
-4.16716	0.93391
-4.17204	0.93566
-4.17692	0.9371
-4.1818	0.94224
-4.18668	0.9476
-4.19156	0.94931
-4.19645	0.95736
-4.20133	0.96217
-4.20621	0.95654
-4.21109	0.95289
-4.21597	0.93669
-4.22085	0.93307
-4.22574	0.93377
-4.23062	0.92516
-4.2355	0.92118
-4.24038	0.93309
-4.24526	0.94225
-4.25014	0.94613
-4.25502	0.95329
-4.25991	0.95026
-4.26479	0.94985
-4.26967	0.95859
-4.27455	0.96923
-4.27943	0.98027
-4.28431	0.97195
-4.2892	0.97173
-4.29408	0.97353
-4.29896	0.99122
-4.30384	1.00226
-4.30872	1.00865
-4.3136	1.01192
-4.31849	1.01293
-4.32337	1.01575
-4.32825	1.01842
-4.33313	1.0248
-4.33801	1.02239
-4.34289	1.00724
-4.34778	0.99332
-4.35266	0.98693
-4.35754	0.97659
-4.36242	0.97075
-4.3673	0.96279
-4.37218	0.95255
-4.37707	0.94916
-4.38195	0.94694
-4.38683	0.92796
-4.39171	0.91075
-4.39659	0.89021
-4.40147	0.88097
-4.40635	0.87254
-4.41124	0.86136
-4.41612	0.86032
-4.421	0.85678
-4.42588	0.85889
-4.43076	0.86112
-4.43564	0.86892
-4.44053	0.85746
-4.44541	0.85221
-4.45029	0.84803
-4.45517	0.84896
-4.46005	0.8514
-4.46493	0.84642
-4.46982	0.84299
-4.4747	0.84935
-4.47958	0.86664
-4.48446	0.8753
-4.48934	0.88861
-4.49422	0.89305
-4.4991	0.90482
-4.50399	0.8977
-4.50887	0.89984
-4.51375	0.90997
-4.51863	0.9225
-4.52351	0.92634
-4.52839	0.93873
-4.53328	0.94682
-4.53816	0.95183
-4.54304	0.95399
-4.54792	0.96588
-4.5528	0.96631
-4.55768	0.97258
-4.56257	0.9734
-4.56745	0.96125
-4.57233	0.95983
-4.57721	0.95836
-4.58209	0.95412
-4.58697	0.94784
-4.59186	0.94848
-4.59674	0.95686
-4.60162	0.95674
-4.6065	0.95559
-4.61138	0.96259
-4.61626	0.96943
-4.62115	0.96947
-4.62603	0.96956
-4.63091	0.95958
-4.63579	0.95775
-4.64067	0.9544
-4.64555	0.96435
-4.65043	0.9599
-4.65532	0.96217
-4.6602	0.96501
-4.66508	0.97068
-4.66996	0.96836
-4.67484	0.95843
-4.67972	0.95793
-4.68461	0.93932
-4.68949	0.92755
-4.69437	0.92312
-4.69925	0.92882
-4.70413	0.93867
-4.70901	0.95606
-4.7139	0.94874
-4.71878	0.95235
-4.72366	0.94963
-4.72854	0.95326
-4.73342	0.95148
-4.7383	0.94932
-4.74319	0.94169
-4.74807	0.93289
-4.75295	0.94391
-4.75783	0.95243
-4.76271	0.95807
-4.76759	0.95443
-4.77247	0.97124
-4.77736	0.97032
-4.78224	0.98371
-4.78712	0.97604
-4.792	0.97289
-4.79688	0.96754
-4.80176	0.98044
-4.80665	0.97186
-4.81153	0.96409
-4.81641	0.9677
-4.82129	0.97588
-4.82617	0.99061
-4.83105	0.9955
-4.83594	1.01481
-4.84082	1.02244
-4.8457	1.03326
-4.85058	1.04024
-4.85546	1.04303
-4.86034	1.04106
-4.86522	1.03286
-4.87011	1.03026
-4.87499	1.03648
-4.87987	1.03583
-4.88475	1.04073
-4.88963	1.04594
-4.89451	1.03569
-4.8994	1.03402
-4.90428	1.02102
-4.90916	1.01393
-4.91404	0.99786
-4.91892	0.98317
-4.9238	0.97383
-4.92869	0.97302
-4.93357	0.9701
-4.93845	0.92074
-4.94333	0.92075
-4.94821	0.92077
-4.95309	0.92075
-4.95798	0.92078
-4.96286	0.92077
-4.96774	0.92081
-4.97262	0.92087
-4.9775	0.92092
-4.98238	0.92091
-4.98727	0.92099
-4.99215	0.92105
-4.99703	0.92108
-5.00191	0.9211
-5.00679	0.9211
-5.01167	0.9211
-5.01655	0.92102
-5.02144	0.92099
